
## 1992
rank ,                   name ,    med   ,  iqr 
----------------------------------------------------
1 ,                     7+ ,  0.0 ,  0.0 
1 ,                      1 ,  0.0 , 0.16 
1 ,                      3 , 0.12 , 0.76 
1 ,                      5 , 0.12 , 0.88 
1 ,                      2 , 0.16 , 0.52 
1 ,                      4 , 0.16 , 0.52 
1 ,                      6 ,  0.2 , 0.36 

## 1993
rank ,                   name ,    med   ,  iqr 
----------------------------------------------------
1 ,                      1 , 0.04 , 0.21 
2 ,                     7+ ,  0.0 ,  0.0 
2 ,                      2 , 0.08 , 0.46 
2 ,                      6 , 0.13 , 0.63 
2 ,                      3 , 0.13 , 0.67 
3 ,                      5 , 0.08 ,  0.5 
3 ,                      4 , 0.21 , 1.17 

## 1994
rank ,                   name ,    med   ,  iqr 
----------------------------------------------------
1 ,                      1 ,  0.0 , 0.13 
2 ,                     7+ , 0.09 , 0.22 
2 ,                      5 , 0.13 ,  0.3 
2 ,                      2 , 0.13 , 0.61 
2 ,                      3 , 0.17 , 0.48 
2 ,                      4 , 0.22 , 0.83 
2 ,                      6 , 0.65 , 0.96 

## 1995
rank ,                   name ,    med   ,  iqr 
----------------------------------------------------
1 ,                      1 ,  0.0 , 0.23 
2 ,                      2 , 0.18 , 0.55 
2 ,                      6 , 0.18 ,  1.5 
3 ,                      3 , 0.27 , 1.18 
3 ,                      4 , 0.32 , 0.68 
3 ,                      5 , 0.55 , 0.37 
3 ,                     7+ , 1.68 ,  2.0 

## 1996
rank ,                   name ,    med   ,  iqr 
----------------------------------------------------
1 ,                      1 ,  0.0 , 0.19 
2 ,                      6 , 0.05 , 0.14 
2 ,                      2 , 0.05 , 0.33 
2 ,                      3 , 0.05 , 0.43 
2 ,                      4 , 0.14 , 0.52 
3 ,                      5 , 0.14 , 0.81 
3 ,                     7+ , 0.57 , 0.86 

## 1997
rank ,                   name ,    med   ,  iqr 
----------------------------------------------------
1 ,                      1 ,  0.0 ,  0.2 
1 ,                      2 , 0.05 ,  0.4 
1 ,                      3 ,  0.1 ,  0.4 
1 ,                      4 , 0.15 , 0.85 
1 ,                      5 ,  0.2 , 0.35 
1 ,                      6 , 0.25 , 1.15 
1 ,                     7+ ,  0.5 ,  0.7 

## 1998
rank ,                   name ,    med   ,  iqr 
----------------------------------------------------
1 ,                      1 ,  0.0 , 0.21 
2 ,                     7+ ,  0.0 , 0.21 
2 ,                      5 , 0.11 , 0.32 
2 ,                      4 , 0.16 , 0.74 
2 ,                      2 , 0.21 , 0.74 
2 ,                      3 , 0.21 , 0.79 
2 ,                      6 , 0.42 , 0.63 

## 1999
rank ,                   name ,    med   ,  iqr 
----------------------------------------------------
1 ,                     7+ ,  0.0 , 0.11 
1 ,                      1 ,  0.0 , 0.22 
1 ,                      5 ,  0.0 , 0.44 
2 ,                      2 , 0.06 , 0.33 
2 ,                      3 , 0.06 , 0.39 
2 ,                      4 , 0.06 , 0.39 
2 ,                      6 , 0.22 , 1.11 

## 2000
rank ,                   name ,    med   ,  iqr 
----------------------------------------------------
1 ,                      1 ,  0.0 , 0.12 
2 ,                     7+ ,  0.0 , 0.18 
2 ,                      6 ,  0.0 , 0.82 
2 ,                      5 , 0.06 , 0.76 
2 ,                      3 , 0.12 , 0.47 
2 ,                      2 , 0.12 , 0.71 
2 ,                      4 , 0.12 , 0.71 

## 2001
rank ,                   name ,    med   ,  iqr 
----------------------------------------------------
1 ,                      1 ,  0.0 , 0.25 
2 ,                      2 , 0.13 , 0.56 
3 ,                      6 , 0.25 , 0.63 
3 ,                      5 , 0.25 , 1.06 
3 ,                      3 , 0.31 ,  1.0 
3 ,                     7+ , 0.38 , 0.57 
3 ,                      4 , 0.38 , 0.75 

## 2002
rank ,                   name ,    med   ,  iqr 
----------------------------------------------------
1 ,                      1 , 0.07 , 0.27 
2 ,                     7+ , 0.27 , 0.33 
2 ,                      5 , 0.27 , 0.67 
2 ,                      2 , 0.27 , 0.73 
2 ,                      3 , 0.27 , 0.73 
2 ,                      4 , 0.33 , 0.93 
2 ,                      6 , 0.93 ,  2.0 

## 2003
rank ,                   name ,    med   ,  iqr 
----------------------------------------------------
1 ,                      1 ,  0.0 , 0.29 
1 ,                      6 , 0.14 , 0.64 
2 ,                     7+ , 0.29 , 2.14 
2 ,                      2 , 0.36 , 0.93 
2 ,                      3 , 0.36 , 1.07 
2 ,                      5 , 0.36 , 1.22 
2 ,                      4 , 0.64 , 1.65 

## 2004
rank ,                   name ,    med   ,  iqr 
----------------------------------------------------
1 ,                      1 ,  0.0 , 0.38 
2 ,                      6 , 0.23 , 1.54 
2 ,                      2 , 0.31 , 1.08 
2 ,                      3 , 0.31 , 1.15 
2 ,                      4 , 0.38 ,  1.0 
2 ,                      5 , 0.54 , 1.38 
2 ,                     7+ , 0.62 ,  1.0 

## 2005
rank ,                   name ,    med   ,  iqr 
----------------------------------------------------
1 ,                      1 ,  0.0 , 0.33 
1 ,                      6 , 0.08 , 0.33 
2 ,                      2 , 0.25 , 0.92 
2 ,                      4 , 0.25 ,  1.0 
2 ,                      3 , 0.33 , 0.75 
2 ,                     7+ , 0.33 , 0.75 
2 ,                      5 , 0.33 , 0.92 

## 2006
rank ,                   name ,    med   ,  iqr 
----------------------------------------------------
1 ,                      1 ,  0.0 , 0.27 
2 ,                      6 , 0.18 , 0.73 
2 ,                     7+ , 0.27 , 0.73 
2 ,                      2 , 0.27 , 1.27 
2 ,                      3 , 0.36 , 1.27 
3 ,                      4 , 0.45 , 1.18 
3 ,                      5 , 0.55 , 1.36 

## 2007
rank ,                   name ,    med   ,  iqr 
----------------------------------------------------
1 ,                      1 ,  0.1 ,  0.3 
2 ,                      2 ,  0.4 ,  1.2 
2 ,                     7+ ,  0.5 ,  0.7 
2 ,                      3 ,  0.5 ,  1.3 
2 ,                      4 ,  0.6 ,  1.3 
2 ,                      6 ,  0.7 ,  1.0 
2 ,                      5 ,  0.7 ,  1.9 

## 2008
rank ,                   name ,    med   ,  iqr 
----------------------------------------------------
1 ,                      1 , 0.11 , 0.44 
2 ,                      4 , 0.44 , 1.45 
2 ,                      5 , 0.56 , 1.33 
2 ,                      2 , 0.56 , 1.45 
2 ,                      3 , 0.67 , 1.56 
3 ,                     7+ , 0.89 ,  3.0 
3 ,                      6 , 1.22 , 1.89 

## 2009
rank ,                   name ,    med   ,  iqr 
----------------------------------------------------
1 ,                      1 ,  0.0 , 0.38 
2 ,                      2 , 0.38 ,  1.0 
2 ,                      3 , 0.38 , 1.25 
2 ,                     7+ , 0.38 , 1.37 
3 ,                      5 ,  0.5 , 1.37 
3 ,                      4 , 0.63 , 1.62 
3 ,                      6 , 0.75 , 1.75 

## 2010
rank ,                   name ,    med   ,  iqr 
----------------------------------------------------
1 ,                      1 ,  0.0 , 0.43 
2 ,                      2 , 0.57 , 1.29 
3 ,                      4 , 0.71 , 1.42 
3 ,                      3 , 0.71 , 1.57 
3 ,                      6 , 0.71 , 2.29 
4 ,                      5 , 0.86 , 2.57 
4 ,                     7+ ,  1.0 , 2.28 

## 2011
rank ,                   name ,    med   ,  iqr 
----------------------------------------------------
1 ,                      1 ,  0.0 , 0.33 
2 ,                      2 ,  0.5 ,  1.5 
2 ,                      3 , 0.67 , 1.66 
3 ,                      6 , 0.83 , 1.34 
3 ,                      4 , 0.83 , 1.67 
3 ,                      5 , 0.83 , 1.83 
3 ,                     7+ ,  1.0 ,  2.0 

## 2012
rank ,                   name ,    med   ,  iqr 
----------------------------------------------------
1 ,                      1 ,  0.0 ,  0.4 
2 ,                      2 ,  0.6 ,  1.4 
3 ,                      3 ,  0.8 ,  1.8 
3 ,                     7+ ,  1.0 ,  1.2 
3 ,                      4 ,  1.0 ,  1.8 
3 ,                      6 ,  1.0 ,  2.0 
4 ,                      5 ,  1.2 ,  2.2 

## 2013
rank ,                   name ,    med   ,  iqr 
----------------------------------------------------
1 ,                      1 ,  0.0 ,  0.5 
2 ,                      2 ,  0.5 ,  1.5 
2 ,                      3 , 0.75 , 1.75 
3 ,                      5 ,  1.0 , 1.75 
3 ,                      4 ,  1.0 ,  2.0 
3 ,                      6 ,  1.0 , 2.25 
3 ,                     7+ ,  1.0 , 2.25 

## 2014
rank ,                   name ,    med   ,  iqr 
----------------------------------------------------
1 ,                      1 ,  0.0 , 0.67 
2 ,                      2 , 0.67 , 1.33 
2 ,                      3 , 0.67 , 1.67 
3 ,                      6 , 0.67 , 1.67 
3 ,                      4 ,  1.0 ,  2.0 
3 ,                     7+ , 1.33 ,  2.0 
3 ,                      5 , 1.33 , 2.67 

## 2015
rank ,                   name ,    med   ,  iqr 
----------------------------------------------------
1 ,                      1 ,  0.0 ,  0.5 
2 ,                      2 ,  0.5 ,  1.0 
2 ,                      3 ,  0.5 ,  1.5 
2 ,                      4 ,  0.5 ,  2.0 
2 ,                      5 ,  0.5 ,  2.0 
3 ,                      6 ,  1.0 ,  2.5 
3 ,                     7+ ,  1.0 ,  2.5 
